1.040000000000000000e+02
2.820000000000000000e+02
1.010000000000000000e+02
3.660000000000000000e+02
2.700000000000000000e+01
1.080000000000000000e+02
5.200000000000000000e+01
3.720000000000000000e+02
5.100000000000000000e+01
2.700000000000000000e+01
9.200000000000000000e+01
3.040000000000000000e+02
2.270000000000000000e+02
1.630000000000000000e+02
1.560000000000000000e+02
1.440000000000000000e+02
1.050000000000000000e+02
1.300000000000000000e+02
1.610000000000000000e+02
1.910000000000000000e+02
5.200000000000000000e+01
2.610000000000000000e+02
7.600000000000000000e+01
1.510000000000000000e+02
4.700000000000000000e+01
1.150000000000000000e+02
8.600000000000000000e+01
1.830000000000000000e+02
1.450000000000000000e+02
4.440000000000000000e+02
2.010000000000000000e+02
1.300000000000000000e+02
4.300000000000000000e+01
9.400000000000000000e+01
6.100000000000000000e+01
6.600000000000000000e+01
6.700000000000000000e+01
7.700000000000000000e+01
5.400000000000000000e+02
4.730000000000000000e+02
1.251000000000000000e+03
6.500000000000000000e+01
1.520000000000000000e+02
2.600000000000000000e+01
4.600000000000000000e+01
1.060000000000000000e+02
1.190000000000000000e+02
4.310000000000000000e+02
6.300000000000000000e+01
9.400000000000000000e+01
9.900000000000000000e+01
5.700000000000000000e+01
1.700000000000000000e+01
1.080000000000000000e+02
3.000000000000000000e+01
1.010000000000000000e+02
4.460000000000000000e+02
2.830000000000000000e+02
1.420000000000000000e+02
5.830000000000000000e+02
5.090000000000000000e+02
9.600000000000000000e+01
3.570000000000000000e+02
1.440000000000000000e+02
1.420000000000000000e+02
4.100000000000000000e+01
5.000000000000000000e+01
9.600000000000000000e+01
1.740000000000000000e+02
1.600000000000000000e+02
4.400000000000000000e+01
3.800000000000000000e+01
6.700000000000000000e+01
1.620000000000000000e+02
6.900000000000000000e+01
1.990000000000000000e+02
1.690000000000000000e+02
3.140000000000000000e+02
6.540000000000000000e+02
1.660000000000000000e+02
2.700000000000000000e+01
1.130000000000000000e+02
3.500000000000000000e+01
3.500000000000000000e+01
9.500000000000000000e+01
5.600000000000000000e+01
4.400000000000000000e+01
1.640000000000000000e+02
5.380000000000000000e+02
3.180000000000000000e+02
8.000000000000000000e+01
2.210000000000000000e+02
1.430000000000000000e+02
3.530000000000000000e+02
1.460000000000000000e+02
1.160000000000000000e+02
2.030000000000000000e+02
2.990000000000000000e+02
1.880000000000000000e+02
3.490000000000000000e+02
8.200000000000000000e+01
1.350000000000000000e+02
9.900000000000000000e+01
1.290000000000000000e+02
4.600000000000000000e+01
2.190000000000000000e+02
1.760000000000000000e+02
1.000000000000000000e+02
3.800000000000000000e+01
1.170000000000000000e+02
8.300000000000000000e+01
1.640000000000000000e+02
2.730000000000000000e+02
1.190000000000000000e+02
3.800000000000000000e+01
8.300000000000000000e+01
1.090000000000000000e+02
1.030000000000000000e+02
3.800000000000000000e+01
3.000000000000000000e+02
2.670000000000000000e+02
1.370000000000000000e+02
3.090000000000000000e+02
3.700000000000000000e+01
6.500000000000000000e+01
2.490000000000000000e+02
3.000000000000000000e+01
9.600000000000000000e+01
2.420000000000000000e+02
1.740000000000000000e+02
1.920000000000000000e+02
1.230000000000000000e+02
1.380000000000000000e+02
1.480000000000000000e+02
2.920000000000000000e+02
1.610000000000000000e+02
1.280000000000000000e+02
3.400000000000000000e+02
9.000000000000000000e+01
1.220000000000000000e+02
4.220000000000000000e+02
4.300000000000000000e+01
4.150000000000000000e+02
1.680000000000000000e+02
3.900000000000000000e+01
5.480000000000000000e+02
8.400000000000000000e+01
4.200000000000000000e+01
9.200000000000000000e+01
3.500000000000000000e+02
3.930000000000000000e+02
6.710000000000000000e+02
5.500000000000000000e+02
5.280000000000000000e+02
1.070000000000000000e+02
