1.100000000000000000e+02
6.970000000000000000e+02
2.050000000000000000e+02
2.090000000000000000e+02
1.320000000000000000e+02
4.690000000000000000e+02
2.840000000000000000e+02
4.620000000000000000e+02
2.950000000000000000e+02
3.650000000000000000e+02
1.320000000000000000e+02
2.310000000000000000e+02
7.090000000000000000e+02
5.920000000000000000e+02
1.380000000000000000e+02
4.710000000000000000e+02
7.150000000000000000e+02
2.760000000000000000e+02
2.080000000000000000e+02
7.800000000000000000e+01
1.690000000000000000e+02
1.110000000000000000e+02
1.410000000000000000e+02
1.720000000000000000e+02
1.510000000000000000e+02
3.960000000000000000e+02
1.220000000000000000e+02
3.060000000000000000e+02
1.840000000000000000e+02
2.750000000000000000e+02
3.150000000000000000e+02
2.290000000000000000e+02
1.110000000000000000e+02
8.300000000000000000e+01
2.500000000000000000e+02
6.900000000000000000e+01
1.570000000000000000e+02
3.580000000000000000e+02
1.890000000000000000e+02
3.400000000000000000e+01
1.230000000000000000e+02
1.910000000000000000e+02
1.530000000000000000e+02
2.200000000000000000e+02
2.970000000000000000e+02
2.290000000000000000e+02
8.900000000000000000e+01
2.360000000000000000e+02
1.200000000000000000e+02
6.700000000000000000e+01
1.100000000000000000e+02
9.700000000000000000e+01
8.700000000000000000e+01
3.070000000000000000e+02
2.490000000000000000e+02
6.000000000000000000e+01
1.060000000000000000e+02
2.170000000000000000e+02
2.540000000000000000e+02
1.510000000000000000e+02
7.400000000000000000e+01
6.500000000000000000e+01
1.330000000000000000e+02
2.620000000000000000e+02
8.600000000000000000e+01
2.300000000000000000e+01
1.310000000000000000e+02
3.100000000000000000e+01
4.500000000000000000e+01
1.310000000000000000e+02
4.500000000000000000e+01
1.160000000000000000e+02
2.700000000000000000e+01
2.900000000000000000e+01
5.600000000000000000e+01
1.450000000000000000e+02
5.000000000000000000e+02
1.320000000000000000e+02
1.220000000000000000e+02
9.800000000000000000e+01
1.110000000000000000e+02
4.400000000000000000e+01
1.160000000000000000e+02
1.570000000000000000e+02
9.500000000000000000e+01
6.800000000000000000e+01
1.980000000000000000e+02
1.570000000000000000e+02
2.400000000000000000e+01
1.580000000000000000e+02
1.150000000000000000e+02
1.530000000000000000e+02
2.320000000000000000e+02
2.290000000000000000e+02
1.000000000000000000e+02
7.200000000000000000e+01
1.250000000000000000e+02
1.230000000000000000e+02
2.130000000000000000e+02
9.900000000000000000e+01
6.700000000000000000e+01
1.250000000000000000e+02
1.670000000000000000e+02
7.300000000000000000e+01
1.270000000000000000e+02
6.700000000000000000e+01
9.500000000000000000e+01
3.600000000000000000e+01
4.100000000000000000e+01
4.800000000000000000e+01
5.100000000000000000e+01
1.360000000000000000e+02
6.000000000000000000e+01
4.800000000000000000e+01
1.410000000000000000e+02
9.400000000000000000e+01
1.060000000000000000e+02
4.400000000000000000e+01
6.000000000000000000e+01
1.260000000000000000e+02
8.400000000000000000e+01
1.960000000000000000e+02
7.100000000000000000e+01
2.810000000000000000e+02
1.550000000000000000e+02
6.700000000000000000e+01
2.900000000000000000e+01
1.240000000000000000e+02
4.200000000000000000e+01
4.900000000000000000e+01
1.090000000000000000e+02
1.230000000000000000e+02
1.620000000000000000e+02
1.920000000000000000e+02
7.500000000000000000e+01
1.420000000000000000e+02
1.140000000000000000e+02
1.510000000000000000e+02
1.290000000000000000e+02
2.560000000000000000e+02
7.700000000000000000e+01
1.590000000000000000e+02
1.360000000000000000e+02
1.260000000000000000e+02
1.120000000000000000e+02
1.700000000000000000e+01
1.990000000000000000e+02
5.800000000000000000e+01
1.860000000000000000e+02
1.270000000000000000e+02
9.500000000000000000e+01
6.100000000000000000e+01
1.990000000000000000e+02
3.200000000000000000e+01
4.200000000000000000e+01
3.000000000000000000e+02
1.720000000000000000e+02
2.400000000000000000e+02
1.370000000000000000e+02
1.400000000000000000e+01
7.100000000000000000e+01
3.700000000000000000e+01
5.200000000000000000e+01
1.080000000000000000e+02
3.300000000000000000e+01
1.380000000000000000e+02
1.900000000000000000e+01
1.900000000000000000e+01
1.700000000000000000e+02
7.400000000000000000e+01
8.100000000000000000e+01
2.000000000000000000e+01
3.800000000000000000e+01
8.100000000000000000e+01
1.500000000000000000e+01
9.900000000000000000e+01
6.300000000000000000e+01
7.500000000000000000e+01
6.800000000000000000e+01
7.700000000000000000e+01
4.800000000000000000e+01
6.100000000000000000e+01
2.900000000000000000e+01
2.320000000000000000e+02
8.000000000000000000e+01
9.900000000000000000e+01
5.400000000000000000e+01
2.100000000000000000e+01
2.200000000000000000e+02
5.600000000000000000e+01
6.200000000000000000e+01
1.300000000000000000e+01
6.600000000000000000e+01
5.600000000000000000e+01
8.000000000000000000e+01
3.200000000000000000e+01
6.400000000000000000e+01
6.100000000000000000e+01
3.700000000000000000e+01
6.500000000000000000e+01
1.000000000000000000e+01
6.300000000000000000e+01
2.500000000000000000e+01
6.600000000000000000e+01
2.100000000000000000e+01
3.900000000000000000e+01
2.600000000000000000e+01
5.000000000000000000e+01
4.600000000000000000e+01
7.500000000000000000e+01
6.400000000000000000e+01
