1.000000000000000000e+02
2.000000000000000000e+02
1.700000000000000000e+02
1.260000000000000000e+02
8.300000000000000000e+01
3.300000000000000000e+02
1.930000000000000000e+02
1.400000000000000000e+02
3.340000000000000000e+02
1.650000000000000000e+02
1.270000000000000000e+02
4.820000000000000000e+02
2.690000000000000000e+02
7.310000000000000000e+02
1.360000000000000000e+02
3.700000000000000000e+01
5.900000000000000000e+01
2.200000000000000000e+02
6.600000000000000000e+01
2.480000000000000000e+02
2.620000000000000000e+02
3.350000000000000000e+02
2.790000000000000000e+02
1.430000000000000000e+02
5.200000000000000000e+01
6.470000000000000000e+02
1.320000000000000000e+02
3.910000000000000000e+02
1.380000000000000000e+02
4.990000000000000000e+02
1.280000000000000000e+02
9.000000000000000000e+01
2.120000000000000000e+02
4.260000000000000000e+02
1.230000000000000000e+02
7.600000000000000000e+01
3.970000000000000000e+02
9.900000000000000000e+01
4.980000000000000000e+02
1.180000000000000000e+02
3.600000000000000000e+01
8.600000000000000000e+01
1.000000000000000000e+02
2.850000000000000000e+02
4.420000000000000000e+02
8.000000000000000000e+01
2.980000000000000000e+02
5.990000000000000000e+02
1.850000000000000000e+02
4.950000000000000000e+02
3.640000000000000000e+02
2.270000000000000000e+02
9.100000000000000000e+01
2.420000000000000000e+02
2.360000000000000000e+02
2.110000000000000000e+02
4.540000000000000000e+02
2.830000000000000000e+02
3.400000000000000000e+02
6.820000000000000000e+02
6.300000000000000000e+01
9.500000000000000000e+01
9.500000000000000000e+01
1.620000000000000000e+02
2.470000000000000000e+02
1.820000000000000000e+02
4.900000000000000000e+01
9.500000000000000000e+01
1.330000000000000000e+02
1.580000000000000000e+02
1.210000000000000000e+02
1.330000000000000000e+02
7.700000000000000000e+01
1.080000000000000000e+02
3.980000000000000000e+02
3.130000000000000000e+02
7.300000000000000000e+01
1.010000000000000000e+02
1.060000000000000000e+02
2.810000000000000000e+02
1.200000000000000000e+02
3.400000000000000000e+01
8.600000000000000000e+01
9.300000000000000000e+01
1.470000000000000000e+02
3.120000000000000000e+02
2.750000000000000000e+02
1.070000000000000000e+02
4.700000000000000000e+01
1.270000000000000000e+02
1.750000000000000000e+02
6.500000000000000000e+01
5.500000000000000000e+01
1.000000000000000000e+01
1.950000000000000000e+02
1.260000000000000000e+02
1.310000000000000000e+02
8.000000000000000000e+01
1.800000000000000000e+01
5.100000000000000000e+01
1.950000000000000000e+02
8.500000000000000000e+01
1.100000000000000000e+02
1.710000000000000000e+02
1.480000000000000000e+02
1.190000000000000000e+02
1.660000000000000000e+02
9.100000000000000000e+01
5.200000000000000000e+01
1.000000000000000000e+02
1.250000000000000000e+02
1.600000000000000000e+02
5.700000000000000000e+01
7.900000000000000000e+01
1.020000000000000000e+02
5.500000000000000000e+01
8.700000000000000000e+01
7.200000000000000000e+01
1.650000000000000000e+02
1.160000000000000000e+02
7.100000000000000000e+01
1.620000000000000000e+02
9.500000000000000000e+01
4.500000000000000000e+01
1.340000000000000000e+02
9.900000000000000000e+01
7.800000000000000000e+01
3.400000000000000000e+01
8.500000000000000000e+01
6.600000000000000000e+01
1.430000000000000000e+02
1.590000000000000000e+02
4.900000000000000000e+01
8.700000000000000000e+01
1.560000000000000000e+02
1.330000000000000000e+02
7.500000000000000000e+01
1.730000000000000000e+02
6.300000000000000000e+01
1.900000000000000000e+02
2.800000000000000000e+01
1.080000000000000000e+02
3.700000000000000000e+01
5.600000000000000000e+01
1.700000000000000000e+02
2.840000000000000000e+02
8.200000000000000000e+01
6.900000000000000000e+01
1.200000000000000000e+01
1.480000000000000000e+02
9.700000000000000000e+01
1.430000000000000000e+02
1.250000000000000000e+02
1.130000000000000000e+02
9.000000000000000000e+01
3.600000000000000000e+01
1.350000000000000000e+02
1.060000000000000000e+02
2.700000000000000000e+01
6.200000000000000000e+01
7.700000000000000000e+01
5.300000000000000000e+01
4.400000000000000000e+01
6.300000000000000000e+01
1.140000000000000000e+02
2.200000000000000000e+01
1.810000000000000000e+02
6.900000000000000000e+01
4.000000000000000000e+01
1.230000000000000000e+02
1.830000000000000000e+02
7.600000000000000000e+01
7.100000000000000000e+01
3.400000000000000000e+01
7.200000000000000000e+01
6.300000000000000000e+01
4.400000000000000000e+01
3.900000000000000000e+01
6.200000000000000000e+01
1.010000000000000000e+02
8.400000000000000000e+01
7.200000000000000000e+01
7.600000000000000000e+01
2.900000000000000000e+01
3.300000000000000000e+01
6.400000000000000000e+01
3.600000000000000000e+01
9.000000000000000000e+01
2.300000000000000000e+01
6.400000000000000000e+01
2.500000000000000000e+01
2.200000000000000000e+01
6.500000000000000000e+01
3.700000000000000000e+01
1.600000000000000000e+01
1.200000000000000000e+01
1.000000000000000000e+01
