9.630000000000000000e+02
1.131000000000000000e+03
2.250000000000000000e+02
6.700000000000000000e+01
4.730000000000000000e+02
5.780000000000000000e+02
6.950000000000000000e+02
5.930000000000000000e+02
7.430000000000000000e+02
3.050000000000000000e+02
2.470000000000000000e+02
3.300000000000000000e+02
6.400000000000000000e+01
3.510000000000000000e+02
3.650000000000000000e+02
1.660000000000000000e+02
8.380000000000000000e+02
2.840000000000000000e+02
3.640000000000000000e+02
1.620000000000000000e+02
2.600000000000000000e+01
5.800000000000000000e+01
3.430000000000000000e+02
1.760000000000000000e+02
4.260000000000000000e+02
2.740000000000000000e+02
2.090000000000000000e+02
2.880000000000000000e+02
5.190000000000000000e+02
7.500000000000000000e+01
8.480000000000000000e+02
6.500000000000000000e+01
2.220000000000000000e+02
3.430000000000000000e+02
6.090000000000000000e+02
2.480000000000000000e+02
2.080000000000000000e+02
3.970000000000000000e+02
1.078000000000000000e+03
2.470000000000000000e+02
5.060000000000000000e+02
3.660000000000000000e+02
4.380000000000000000e+02
2.960000000000000000e+02
4.800000000000000000e+01
3.690000000000000000e+02
6.300000000000000000e+02
2.000000000000000000e+02
3.670000000000000000e+02
1.950000000000000000e+02
3.030000000000000000e+02
2.930000000000000000e+02
1.740000000000000000e+02
2.310000000000000000e+02
2.170000000000000000e+02
1.820000000000000000e+02
8.300000000000000000e+01
1.010000000000000000e+02
7.030000000000000000e+02
4.980000000000000000e+02
2.440000000000000000e+02
2.800000000000000000e+02
1.810000000000000000e+02
1.390000000000000000e+02
3.600000000000000000e+01
7.900000000000000000e+01
2.600000000000000000e+02
1.530000000000000000e+02
6.600000000000000000e+01
2.300000000000000000e+02
3.850000000000000000e+02
2.480000000000000000e+02
3.860000000000000000e+02
1.100000000000000000e+02
5.400000000000000000e+01
2.120000000000000000e+02
2.740000000000000000e+02
1.190000000000000000e+02
1.390000000000000000e+02
4.200000000000000000e+01
4.680000000000000000e+02
9.200000000000000000e+01
1.180000000000000000e+02
1.320000000000000000e+02
2.470000000000000000e+02
4.800000000000000000e+01
2.460000000000000000e+02
1.000000000000000000e+02
5.200000000000000000e+02
1.880000000000000000e+02
2.700000000000000000e+01
6.500000000000000000e+01
9.700000000000000000e+01
1.440000000000000000e+02
7.700000000000000000e+01
1.350000000000000000e+02
1.660000000000000000e+02
1.330000000000000000e+02
1.050000000000000000e+02
5.900000000000000000e+01
8.800000000000000000e+01
8.000000000000000000e+01
