1.930000000000000000e+02
2.210000000000000000e+02
2.280000000000000000e+02
1.000000000000000000e+02
4.160000000000000000e+02
2.450000000000000000e+02
1.640000000000000000e+02
1.820000000000000000e+02
1.930000000000000000e+02
2.530000000000000000e+02
4.290000000000000000e+02
3.580000000000000000e+02
6.660000000000000000e+02
1.140000000000000000e+02
7.190000000000000000e+02
2.150000000000000000e+02
7.900000000000000000e+01
3.660000000000000000e+02
2.500000000000000000e+01
2.320000000000000000e+02
4.300000000000000000e+02
4.850000000000000000e+02
1.300000000000000000e+02
1.100000000000000000e+02
6.600000000000000000e+01
2.260000000000000000e+02
1.360000000000000000e+02
3.100000000000000000e+01
1.890000000000000000e+02
1.110000000000000000e+02
4.280000000000000000e+02
1.000000000000000000e+02
3.360000000000000000e+02
5.960000000000000000e+02
9.800000000000000000e+01
5.500000000000000000e+01
3.480000000000000000e+02
5.600000000000000000e+01
2.800000000000000000e+02
1.610000000000000000e+02
6.610000000000000000e+02
1.120000000000000000e+02
4.490000000000000000e+02
6.780000000000000000e+02
1.160000000000000000e+02
1.280000000000000000e+02
2.090000000000000000e+02
1.490000000000000000e+02
1.990000000000000000e+02
9.300000000000000000e+01
3.550000000000000000e+02
8.700000000000000000e+01
1.500000000000000000e+01
1.270000000000000000e+02
8.900000000000000000e+01
1.800000000000000000e+02
1.960000000000000000e+02
1.790000000000000000e+02
2.460000000000000000e+02
9.800000000000000000e+01
1.800000000000000000e+02
2.400000000000000000e+01
6.100000000000000000e+01
1.370000000000000000e+02
6.200000000000000000e+01
1.500000000000000000e+01
1.650000000000000000e+02
7.000000000000000000e+01
6.700000000000000000e+01
1.360000000000000000e+02
6.500000000000000000e+01
2.220000000000000000e+02
8.600000000000000000e+01
3.690000000000000000e+02
2.900000000000000000e+01
1.170000000000000000e+02
8.300000000000000000e+01
2.800000000000000000e+01
5.500000000000000000e+01
1.860000000000000000e+02
2.550000000000000000e+02
1.640000000000000000e+02
2.300000000000000000e+02
1.990000000000000000e+02
1.450000000000000000e+02
3.700000000000000000e+01
2.800000000000000000e+01
1.000000000000000000e+02
1.010000000000000000e+02
6.000000000000000000e+01
2.100000000000000000e+02
1.810000000000000000e+02
1.030000000000000000e+02
1.310000000000000000e+02
1.390000000000000000e+02
1.810000000000000000e+02
6.800000000000000000e+01
8.200000000000000000e+01
7.400000000000000000e+01
8.600000000000000000e+01
2.060000000000000000e+02
1.410000000000000000e+02
1.280000000000000000e+02
8.700000000000000000e+01
9.300000000000000000e+01
1.030000000000000000e+02
1.100000000000000000e+01
3.200000000000000000e+01
2.700000000000000000e+01
2.660000000000000000e+02
3.250000000000000000e+02
1.290000000000000000e+02
2.640000000000000000e+02
1.210000000000000000e+02
5.600000000000000000e+01
5.500000000000000000e+01
3.400000000000000000e+01
6.900000000000000000e+01
3.000000000000000000e+01
1.820000000000000000e+02
1.480000000000000000e+02
1.140000000000000000e+02
2.010000000000000000e+02
1.400000000000000000e+01
5.400000000000000000e+01
1.160000000000000000e+02
9.700000000000000000e+01
8.900000000000000000e+01
2.300000000000000000e+01
6.100000000000000000e+01
4.400000000000000000e+01
6.300000000000000000e+01
9.800000000000000000e+01
1.420000000000000000e+02
4.600000000000000000e+01
1.440000000000000000e+02
1.090000000000000000e+02
6.000000000000000000e+01
5.900000000000000000e+01
9.200000000000000000e+01
8.300000000000000000e+01
1.300000000000000000e+01
1.380000000000000000e+02
1.150000000000000000e+02
1.460000000000000000e+02
1.200000000000000000e+02
1.470000000000000000e+02
2.500000000000000000e+01
2.300000000000000000e+01
3.200000000000000000e+01
1.710000000000000000e+02
1.100000000000000000e+01
1.950000000000000000e+02
1.700000000000000000e+01
6.700000000000000000e+01
2.800000000000000000e+01
6.000000000000000000e+01
2.800000000000000000e+01
1.250000000000000000e+02
1.000000000000000000e+02
5.100000000000000000e+01
5.000000000000000000e+01
8.200000000000000000e+01
6.800000000000000000e+01
7.800000000000000000e+01
6.900000000000000000e+01
4.200000000000000000e+01
6.000000000000000000e+01
7.400000000000000000e+01
6.500000000000000000e+01
5.600000000000000000e+01
1.380000000000000000e+02
3.800000000000000000e+01
8.000000000000000000e+01
2.700000000000000000e+01
9.300000000000000000e+01
4.300000000000000000e+01
8.200000000000000000e+01
8.600000000000000000e+01
9.500000000000000000e+01
3.400000000000000000e+01
7.500000000000000000e+01
5.400000000000000000e+01
5.500000000000000000e+01
2.700000000000000000e+01
5.600000000000000000e+01
5.300000000000000000e+01
4.400000000000000000e+01
1.400000000000000000e+01
5.000000000000000000e+01
3.300000000000000000e+01
8.500000000000000000e+01
5.400000000000000000e+01
3.200000000000000000e+01
2.800000000000000000e+01
2.100000000000000000e+01
1.900000000000000000e+01
4.600000000000000000e+01
1.100000000000000000e+01
1.400000000000000000e+01
