1.420000000000000000e+02
7.600000000000000000e+01
2.540000000000000000e+02
1.580000000000000000e+02
1.210000000000000000e+02
2.200000000000000000e+02
8.300000000000000000e+01
8.900000000000000000e+01
4.700000000000000000e+01
1.310000000000000000e+02
1.020000000000000000e+02
3.000000000000000000e+01
2.100000000000000000e+01
5.000000000000000000e+01
1.190000000000000000e+02
1.480000000000000000e+02
4.000000000000000000e+01
3.000000000000000000e+01
6.100000000000000000e+01
1.780000000000000000e+02
6.800000000000000000e+01
4.800000000000000000e+01
1.560000000000000000e+02
1.550000000000000000e+02
3.500000000000000000e+01
1.000000000000000000e+02
8.000000000000000000e+01
6.500000000000000000e+01
4.100000000000000000e+01
9.100000000000000000e+01
1.390000000000000000e+02
9.600000000000000000e+01
1.860000000000000000e+02
4.100000000000000000e+01
1.470000000000000000e+02
2.280000000000000000e+02
1.310000000000000000e+02
7.700000000000000000e+01
1.990000000000000000e+02
1.890000000000000000e+02
8.100000000000000000e+01
6.400000000000000000e+01
2.900000000000000000e+01
1.830000000000000000e+02
1.720000000000000000e+02
2.010000000000000000e+02
2.570000000000000000e+02
2.500000000000000000e+01
1.330000000000000000e+02
5.000000000000000000e+01
2.900000000000000000e+01
2.480000000000000000e+02
4.400000000000000000e+01
5.400000000000000000e+01
6.800000000000000000e+01
1.510000000000000000e+02
2.920000000000000000e+02
5.000000000000000000e+01
1.300000000000000000e+02
3.450000000000000000e+02
4.000000000000000000e+01
7.300000000000000000e+01
1.500000000000000000e+01
6.900000000000000000e+01
9.500000000000000000e+01
7.500000000000000000e+01
1.520000000000000000e+02
8.400000000000000000e+01
2.060000000000000000e+02
8.600000000000000000e+01
8.300000000000000000e+01
5.700000000000000000e+01
3.700000000000000000e+01
5.700000000000000000e+01
3.600000000000000000e+01
1.460000000000000000e+02
1.070000000000000000e+02
3.100000000000000000e+01
1.030000000000000000e+02
3.920000000000000000e+02
1.380000000000000000e+02
1.410000000000000000e+02
1.090000000000000000e+02
2.360000000000000000e+02
9.400000000000000000e+01
6.200000000000000000e+01
8.000000000000000000e+01
4.000000000000000000e+01
1.750000000000000000e+02
1.750000000000000000e+02
1.830000000000000000e+02
3.700000000000000000e+01
9.700000000000000000e+01
1.150000000000000000e+02
6.700000000000000000e+01
1.160000000000000000e+02
7.000000000000000000e+01
3.500000000000000000e+01
5.000000000000000000e+01
1.710000000000000000e+02
4.400000000000000000e+01
1.000000000000000000e+02
7.200000000000000000e+01
5.400000000000000000e+01
8.800000000000000000e+01
7.100000000000000000e+01
6.200000000000000000e+01
2.240000000000000000e+02
1.160000000000000000e+02
1.240000000000000000e+02
7.800000000000000000e+01
5.500000000000000000e+01
3.300000000000000000e+01
4.000000000000000000e+01
4.200000000000000000e+01
7.200000000000000000e+01
4.400000000000000000e+01
4.700000000000000000e+01
1.140000000000000000e+02
1.030000000000000000e+02
5.500000000000000000e+01
9.200000000000000000e+01
9.900000000000000000e+01
1.630000000000000000e+02
3.280000000000000000e+02
1.920000000000000000e+02
8.700000000000000000e+01
9.100000000000000000e+01
5.500000000000000000e+01
3.400000000000000000e+01
3.400000000000000000e+01
1.760000000000000000e+02
8.300000000000000000e+01
6.600000000000000000e+01
1.690000000000000000e+02
4.900000000000000000e+01
1.950000000000000000e+02
8.700000000000000000e+01
4.700000000000000000e+01
1.900000000000000000e+01
2.800000000000000000e+01
3.500000000000000000e+01
2.900000000000000000e+01
2.050000000000000000e+02
3.900000000000000000e+01
8.400000000000000000e+01
1.360000000000000000e+02
6.700000000000000000e+01
5.500000000000000000e+01
6.100000000000000000e+01
5.700000000000000000e+01
7.100000000000000000e+01
4.500000000000000000e+01
2.330000000000000000e+02
1.650000000000000000e+02
9.300000000000000000e+01
2.100000000000000000e+02
8.300000000000000000e+01
1.420000000000000000e+02
1.140000000000000000e+02
6.500000000000000000e+01
1.450000000000000000e+02
8.300000000000000000e+01
7.800000000000000000e+01
7.300000000000000000e+01
9.700000000000000000e+01
7.600000000000000000e+01
6.600000000000000000e+01
2.100000000000000000e+01
5.400000000000000000e+01
9.100000000000000000e+01
5.600000000000000000e+01
4.800000000000000000e+01
6.000000000000000000e+01
1.050000000000000000e+02
4.200000000000000000e+01
6.800000000000000000e+01
3.390000000000000000e+02
1.210000000000000000e+02
9.200000000000000000e+01
9.200000000000000000e+01
1.350000000000000000e+02
2.600000000000000000e+02
3.600000000000000000e+02
5.900000000000000000e+01
4.500000000000000000e+01
6.100000000000000000e+01
5.600000000000000000e+01
3.200000000000000000e+01
4.200000000000000000e+01
2.800000000000000000e+01
4.400000000000000000e+01
5.400000000000000000e+01
6.300000000000000000e+01
1.660000000000000000e+02
1.420000000000000000e+02
1.140000000000000000e+02
7.100000000000000000e+01
6.400000000000000000e+01
1.160000000000000000e+02
3.400000000000000000e+01
1.090000000000000000e+02
7.800000000000000000e+01
3.200000000000000000e+01
1.130000000000000000e+02
3.300000000000000000e+01
7.400000000000000000e+01
1.700000000000000000e+01
1.200000000000000000e+02
1.260000000000000000e+02
1.720000000000000000e+02
5.500000000000000000e+01
1.310000000000000000e+02
9.900000000000000000e+01
4.200000000000000000e+01
7.200000000000000000e+01
5.900000000000000000e+01
1.680000000000000000e+02
1.440000000000000000e+02
1.160000000000000000e+02
1.980000000000000000e+02
1.250000000000000000e+02
6.900000000000000000e+01
4.500000000000000000e+01
1.000000000000000000e+02
1.690000000000000000e+02
1.700000000000000000e+01
1.110000000000000000e+02
1.380000000000000000e+02
2.860000000000000000e+02
7.000000000000000000e+01
3.200000000000000000e+01
1.410000000000000000e+02
1.860000000000000000e+02
6.000000000000000000e+02
2.970000000000000000e+02
1.730000000000000000e+02
2.300000000000000000e+01
1.680000000000000000e+02
1.770000000000000000e+02
3.300000000000000000e+01
4.300000000000000000e+01
1.990000000000000000e+02
7.500000000000000000e+01
8.100000000000000000e+01
1.800000000000000000e+01
3.600000000000000000e+01
2.700000000000000000e+01
2.250000000000000000e+02
