2.000000000000000000e+01
2.200000000000000000e+01
1.800000000000000000e+01
2.800000000000000000e+01
1.800000000000000000e+01
3.200000000000000000e+01
3.500000000000000000e+01
1.200000000000000000e+01
1.600000000000000000e+01
1.400000000000000000e+01
1.600000000000000000e+01
4.500000000000000000e+01
1.000000000000000000e+01
2.900000000000000000e+01
2.700000000000000000e+01
2.300000000000000000e+01
4.700000000000000000e+01
1.200000000000000000e+01
1.900000000000000000e+01
1.100000000000000000e+01
5.800000000000000000e+01
4.100000000000000000e+01
4.800000000000000000e+01
2.200000000000000000e+01
2.000000000000000000e+01
4.800000000000000000e+01
2.800000000000000000e+01
2.900000000000000000e+01
3.100000000000000000e+01
5.000000000000000000e+01
1.300000000000000000e+01
1.200000000000000000e+01
1.100000000000000000e+01
9.600000000000000000e+01
1.070000000000000000e+02
1.270000000000000000e+02
3.300000000000000000e+01
2.000000000000000000e+01
1.000000000000000000e+01
2.300000000000000000e+01
4.100000000000000000e+01
1.690000000000000000e+02
1.100000000000000000e+01
1.360000000000000000e+02
4.100000000000000000e+01
3.600000000000000000e+01
2.800000000000000000e+01
2.300000000000000000e+01
4.300000000000000000e+01
7.700000000000000000e+01
2.600000000000000000e+01
2.100000000000000000e+01
4.100000000000000000e+01
4.400000000000000000e+01
2.100000000000000000e+01
5.900000000000000000e+01
8.600000000000000000e+01
3.200000000000000000e+01
4.400000000000000000e+01
4.800000000000000000e+01
2.100000000000000000e+01
1.000000000000000000e+01
4.900000000000000000e+01
3.000000000000000000e+01
3.300000000000000000e+01
2.300000000000000000e+01
2.900000000000000000e+01
1.700000000000000000e+01
1.900000000000000000e+01
4.400000000000000000e+01
4.500000000000000000e+01
2.500000000000000000e+01
4.600000000000000000e+01
4.600000000000000000e+01
1.300000000000000000e+01
1.400000000000000000e+01
5.100000000000000000e+01
4.800000000000000000e+01
1.000000000000000000e+01
2.700000000000000000e+01
1.300000000000000000e+01
3.700000000000000000e+01
1.900000000000000000e+01
2.700000000000000000e+01
1.700000000000000000e+01
1.400000000000000000e+01
1.400000000000000000e+01
1.900000000000000000e+01
5.700000000000000000e+01
2.100000000000000000e+01
1.300000000000000000e+01
1.160000000000000000e+02
2.300000000000000000e+01
1.000000000000000000e+01
5.900000000000000000e+01
1.140000000000000000e+02
2.700000000000000000e+01
1.300000000000000000e+01
1.100000000000000000e+01
1.460000000000000000e+02
3.600000000000000000e+01
1.040000000000000000e+02
2.400000000000000000e+01
2.900000000000000000e+01
6.500000000000000000e+01
3.500000000000000000e+01
4.800000000000000000e+01
1.000000000000000000e+01
3.100000000000000000e+01
9.000000000000000000e+01
1.020000000000000000e+02
1.410000000000000000e+02
1.600000000000000000e+01
1.220000000000000000e+02
3.300000000000000000e+01
8.300000000000000000e+01
1.400000000000000000e+02
1.090000000000000000e+02
7.600000000000000000e+01
1.210000000000000000e+02
3.200000000000000000e+01
5.300000000000000000e+01
2.400000000000000000e+01
8.300000000000000000e+01
8.600000000000000000e+01
5.400000000000000000e+01
3.600000000000000000e+01
4.400000000000000000e+01
7.400000000000000000e+01
6.600000000000000000e+01
2.900000000000000000e+01
1.140000000000000000e+02
6.000000000000000000e+01
4.400000000000000000e+01
2.700000000000000000e+01
3.400000000000000000e+01
2.200000000000000000e+01
2.500000000000000000e+01
3.800000000000000000e+01
2.100000000000000000e+01
1.700000000000000000e+01
3.900000000000000000e+01
5.000000000000000000e+01
3.800000000000000000e+01
1.100000000000000000e+01
1.300000000000000000e+01
1.410000000000000000e+02
3.400000000000000000e+01
1.900000000000000000e+01
2.000000000000000000e+01
1.700000000000000000e+01
1.800000000000000000e+01
2.200000000000000000e+01
6.700000000000000000e+01
1.350000000000000000e+02
2.600000000000000000e+01
3.700000000000000000e+01
5.400000000000000000e+01
5.100000000000000000e+01
2.900000000000000000e+01
3.700000000000000000e+01
5.900000000000000000e+01
1.800000000000000000e+01
8.500000000000000000e+01
5.400000000000000000e+01
1.600000000000000000e+01
6.000000000000000000e+01
1.800000000000000000e+01
1.300000000000000000e+01
5.800000000000000000e+01
2.100000000000000000e+01
5.800000000000000000e+01
6.100000000000000000e+01
3.800000000000000000e+01
5.700000000000000000e+01
2.200000000000000000e+01
3.400000000000000000e+01
4.100000000000000000e+01
9.100000000000000000e+01
2.000000000000000000e+01
1.700000000000000000e+01
4.400000000000000000e+01
1.200000000000000000e+01
9.200000000000000000e+01
8.900000000000000000e+01
2.700000000000000000e+01
3.600000000000000000e+01
4.100000000000000000e+01
3.300000000000000000e+01
1.680000000000000000e+02
2.690000000000000000e+02
2.300000000000000000e+01
4.800000000000000000e+01
2.330000000000000000e+02
5.300000000000000000e+01
2.700000000000000000e+01
2.300000000000000000e+01
1.100000000000000000e+01
9.500000000000000000e+01
1.150000000000000000e+02
4.200000000000000000e+01
4.500000000000000000e+01
2.500000000000000000e+01
3.000000000000000000e+01
3.200000000000000000e+01
6.900000000000000000e+01
2.500000000000000000e+01
4.500000000000000000e+01
6.300000000000000000e+01
3.100000000000000000e+01
2.210000000000000000e+02
2.700000000000000000e+01
5.600000000000000000e+01
2.690000000000000000e+02
2.100000000000000000e+01
1.500000000000000000e+01
4.600000000000000000e+01
2.200000000000000000e+01
1.100000000000000000e+01
2.000000000000000000e+01
4.200000000000000000e+01
3.700000000000000000e+01
4.500000000000000000e+01
4.900000000000000000e+01
2.640000000000000000e+02
2.700000000000000000e+01
1.900000000000000000e+01
1.200000000000000000e+01
4.400000000000000000e+01
6.700000000000000000e+01
4.300000000000000000e+01
5.000000000000000000e+01
2.000000000000000000e+01
1.100000000000000000e+01
2.600000000000000000e+01
1.650000000000000000e+02
7.200000000000000000e+01
8.000000000000000000e+01
2.900000000000000000e+01
2.200000000000000000e+01
7.700000000000000000e+01
1.400000000000000000e+01
3.200000000000000000e+01
4.600000000000000000e+01
7.100000000000000000e+01
3.600000000000000000e+01
3.600000000000000000e+01
2.000000000000000000e+01
3.600000000000000000e+01
1.470000000000000000e+02
2.700000000000000000e+01
2.900000000000000000e+01
2.100000000000000000e+01
4.500000000000000000e+01
9.800000000000000000e+01
2.200000000000000000e+01
3.800000000000000000e+01
1.900000000000000000e+01
1.000000000000000000e+01
2.100000000000000000e+01
4.000000000000000000e+01
1.900000000000000000e+01
2.700000000000000000e+01
2.500000000000000000e+01
1.200000000000000000e+01
2.200000000000000000e+01
2.000000000000000000e+01
3.600000000000000000e+01
2.400000000000000000e+01
1.000000000000000000e+01
5.300000000000000000e+01
3.800000000000000000e+01
1.390000000000000000e+02
2.400000000000000000e+01
1.930000000000000000e+02
4.200000000000000000e+01
1.800000000000000000e+01
8.400000000000000000e+01
1.400000000000000000e+01
5.300000000000000000e+01
3.700000000000000000e+01
2.000000000000000000e+01
4.200000000000000000e+01
3.800000000000000000e+01
1.200000000000000000e+01
3.800000000000000000e+01
2.000000000000000000e+01
1.900000000000000000e+01
2.400000000000000000e+01
3.300000000000000000e+01
7.800000000000000000e+01
7.100000000000000000e+01
2.300000000000000000e+01
1.200000000000000000e+01
7.900000000000000000e+01
2.200000000000000000e+01
7.200000000000000000e+01
4.100000000000000000e+01
6.100000000000000000e+01
8.500000000000000000e+01
5.300000000000000000e+01
1.500000000000000000e+01
3.200000000000000000e+01
5.200000000000000000e+01
4.300000000000000000e+01
6.400000000000000000e+01
1.300000000000000000e+01
4.500000000000000000e+01
2.000000000000000000e+01
2.900000000000000000e+01
4.300000000000000000e+01
2.200000000000000000e+01
1.200000000000000000e+01
1.200000000000000000e+01
2.300000000000000000e+01
3.200000000000000000e+01
5.800000000000000000e+01
2.200000000000000000e+01
1.700000000000000000e+01
2.200000000000000000e+01
2.100000000000000000e+01
1.300000000000000000e+01
3.100000000000000000e+01
2.100000000000000000e+01
3.900000000000000000e+01
1.500000000000000000e+01
2.400000000000000000e+01
3.800000000000000000e+01
1.200000000000000000e+01
3.300000000000000000e+01
1.400000000000000000e+01
1.300000000000000000e+01
1.000000000000000000e+01
1.500000000000000000e+01
3.700000000000000000e+01
2.200000000000000000e+01
3.600000000000000000e+01
4.500000000000000000e+01
1.000000000000000000e+01
1.200000000000000000e+01
8.500000000000000000e+01
2.400000000000000000e+01
1.200000000000000000e+01
3.500000000000000000e+01
2.800000000000000000e+01
2.400000000000000000e+01
3.000000000000000000e+01
2.800000000000000000e+01
3.400000000000000000e+01
8.600000000000000000e+01
2.900000000000000000e+01
2.900000000000000000e+01
1.060000000000000000e+02
1.200000000000000000e+01
1.100000000000000000e+02
5.540000000000000000e+02
2.100000000000000000e+01
7.700000000000000000e+01
3.400000000000000000e+01
1.340000000000000000e+02
9.800000000000000000e+01
1.510000000000000000e+02
3.400000000000000000e+01
5.800000000000000000e+01
3.500000000000000000e+01
4.400000000000000000e+01
8.500000000000000000e+01
6.300000000000000000e+01
1.960000000000000000e+02
2.600000000000000000e+01
2.000000000000000000e+01
3.200000000000000000e+01
1.800000000000000000e+01
2.300000000000000000e+01
1.500000000000000000e+01
2.000000000000000000e+01
3.100000000000000000e+01
2.000000000000000000e+01
5.600000000000000000e+01
2.500000000000000000e+01
5.000000000000000000e+01
1.080000000000000000e+02
5.200000000000000000e+01
1.700000000000000000e+01
4.600000000000000000e+01
1.900000000000000000e+01
5.400000000000000000e+01
1.000000000000000000e+02
1.100000000000000000e+01
1.000000000000000000e+01
1.200000000000000000e+01
1.500000000000000000e+01
2.300000000000000000e+01
1.600000000000000000e+01
1.100000000000000000e+01
6.300000000000000000e+01
1.300000000000000000e+01
3.400000000000000000e+01
6.800000000000000000e+01
8.600000000000000000e+01
7.200000000000000000e+01
2.300000000000000000e+01
1.900000000000000000e+01
3.710000000000000000e+02
2.200000000000000000e+01
5.100000000000000000e+01
2.500000000000000000e+01
1.140000000000000000e+02
1.100000000000000000e+01
2.100000000000000000e+01
5.500000000000000000e+01
4.000000000000000000e+01
3.200000000000000000e+01
2.400000000000000000e+01
2.200000000000000000e+01
3.100000000000000000e+01
1.900000000000000000e+01
2.600000000000000000e+01
1.800000000000000000e+01
3.400000000000000000e+01
1.500000000000000000e+01
4.200000000000000000e+01
1.100000000000000000e+01
1.800000000000000000e+01
2.800000000000000000e+01
1.800000000000000000e+01
1.800000000000000000e+02
2.700000000000000000e+01
2.300000000000000000e+01
1.900000000000000000e+01
2.800000000000000000e+01
2.970000000000000000e+02
1.700000000000000000e+01
1.600000000000000000e+01
3.400000000000000000e+01
5.400000000000000000e+01
1.800000000000000000e+01
4.900000000000000000e+01
1.270000000000000000e+02
5.900000000000000000e+01
2.500000000000000000e+01
6.900000000000000000e+01
2.100000000000000000e+01
1.400000000000000000e+01
2.400000000000000000e+01
5.300000000000000000e+01
2.300000000000000000e+01
5.000000000000000000e+01
1.500000000000000000e+01
3.100000000000000000e+01
4.400000000000000000e+01
1.500000000000000000e+02
5.700000000000000000e+01
2.300000000000000000e+01
1.080000000000000000e+02
1.800000000000000000e+01
8.900000000000000000e+01
4.400000000000000000e+01
1.350000000000000000e+02
7.300000000000000000e+01
1.100000000000000000e+01
1.900000000000000000e+01
1.610000000000000000e+02
3.700000000000000000e+01
2.600000000000000000e+01
2.800000000000000000e+01
1.800000000000000000e+01
7.400000000000000000e+01
2.500000000000000000e+01
2.500000000000000000e+01
8.200000000000000000e+01
2.700000000000000000e+01
1.700000000000000000e+01
2.300000000000000000e+01
1.900000000000000000e+01
4.900000000000000000e+01
1.210000000000000000e+02
1.700000000000000000e+01
1.100000000000000000e+01
3.900000000000000000e+01
2.300000000000000000e+01
4.300000000000000000e+01
2.100000000000000000e+01
5.500000000000000000e+01
1.000000000000000000e+01
2.200000000000000000e+01
2.400000000000000000e+01
2.300000000000000000e+01
3.500000000000000000e+01
2.700000000000000000e+01
1.900000000000000000e+01
4.100000000000000000e+01
1.200000000000000000e+01
9.000000000000000000e+01
1.400000000000000000e+01
2.300000000000000000e+01
2.500000000000000000e+01
2.600000000000000000e+01
2.800000000000000000e+01
1.400000000000000000e+01
1.100000000000000000e+01
5.200000000000000000e+01
5.400000000000000000e+01
5.700000000000000000e+01
4.800000000000000000e+01
5.400000000000000000e+01
1.400000000000000000e+01
6.600000000000000000e+01
3.900000000000000000e+01
2.500000000000000000e+01
7.700000000000000000e+01
2.800000000000000000e+01
1.900000000000000000e+01
1.400000000000000000e+01
3.400000000000000000e+01
1.700000000000000000e+01
3.100000000000000000e+01
1.800000000000000000e+01
2.900000000000000000e+01
1.200000000000000000e+01
3.000000000000000000e+01
3.700000000000000000e+01
3.200000000000000000e+01
1.300000000000000000e+01
1.500000000000000000e+01
1.900000000000000000e+01
1.000000000000000000e+01
2.000000000000000000e+01
1.300000000000000000e+01
1.100000000000000000e+01
1.500000000000000000e+01
2.000000000000000000e+01
1.000000000000000000e+01
1.800000000000000000e+01
2.200000000000000000e+01
2.400000000000000000e+01
2.200000000000000000e+01
1.700000000000000000e+01
2.000000000000000000e+01
6.100000000000000000e+01
2.400000000000000000e+01
3.100000000000000000e+01
2.200000000000000000e+01
1.090000000000000000e+02
4.400000000000000000e+01
6.900000000000000000e+01
2.400000000000000000e+01
9.800000000000000000e+01
1.700000000000000000e+01
6.400000000000000000e+01
2.540000000000000000e+02
1.400000000000000000e+01
5.200000000000000000e+01
8.000000000000000000e+01
1.600000000000000000e+01
4.100000000000000000e+01
1.030000000000000000e+02
3.300000000000000000e+01
3.000000000000000000e+01
1.180000000000000000e+02
3.000000000000000000e+01
7.500000000000000000e+01
4.700000000000000000e+01
3.600000000000000000e+01
5.200000000000000000e+01
3.600000000000000000e+01
2.900000000000000000e+01
1.900000000000000000e+01
9.900000000000000000e+01
2.100000000000000000e+01
3.300000000000000000e+01
3.100000000000000000e+01
1.500000000000000000e+01
1.500000000000000000e+01
2.100000000000000000e+01
1.800000000000000000e+01
9.300000000000000000e+01
3.800000000000000000e+01
4.500000000000000000e+01
3.300000000000000000e+01
1.100000000000000000e+01
3.600000000000000000e+01
1.000000000000000000e+01
2.200000000000000000e+01
1.200000000000000000e+01
1.600000000000000000e+01
5.000000000000000000e+01
